0 80 50000 0
1 80 50000 0
2 80 50000 0
3 80 50000 0
4 80 50000 0
5 80 50000 0
6 80 50000 0
7 80 50000 0
8 80 50000 0
9 80 50000 0
10 80 50000 0
11 80 50000 0
12 80 50000 0
13 80 50000 0
14 80 50000 0
15 80 50000 0
16 80 50000 0
17 80 50000 0
18 80 50000 0
19 80 50000 0
20 80 50000 0
21 80 50000 0
22 80 50000 0
23 80 50000 0
24 80 50000 0
25 80 50000 0
26 80 50000 0
27 80 50000 0
28 80 50000 0
29 80 50000 0
30 80 50000 0
31 80 50000 0
32 80 50000 0
33 80 50000 0
34 80 50000 0
35 80 50000 0
36 80 50000 0
37 80 50000 0
38 80 50000 0
39 80 50000 0
40 80 50000 0
41 80 50000 0
42 80 50000 0
43 80 50000 0
44 80 50000 0
45 80 50000 0
46 80 50000 0
47 80 50000 0
48 80 50000 0
49 80 50000 0
50 80 50000 0
51 80 50000 0
52 80 50000 0
53 80 50000 0
54 80 50000 0
55 80 50000 0
56 80 50000 0
57 80 50000 0
58 80 50000 0
59 80 50000 0
60 80 50000 0
61 80 50000 0
62 80 50000 0
63 80 50000 0
64 80 50000 0
65 80 50000 0
66 80 50000 0
67 80 50000 0
68 80 50000 0
69 80 50000 0
70 80 50000 0
71 80 50000 0
72 80 50000 0
73 80 50000 0
74 80 50000 0
75 80 50000 0
76 80 50000 0
77 80 50000 0
78 80 50000 0
79 80 50000 0
