0 300 50000 0
1 300 50000 0
2 300 50000 0
3 300 50000 0
4 300 50000 0
5 300 50000 0
6 300 50000 0
7 300 50000 0
8 300 50000 0
9 300 50000 0
10 300 50000 0
11 300 50000 0
12 300 50000 0
13 300 50000 0
14 300 50000 0
15 300 50000 0
16 300 50000 0
17 300 50000 0
18 300 50000 0
19 300 50000 0
20 300 50000 0
21 300 50000 0
22 300 50000 0
23 300 50000 0
24 300 50000 0
25 300 50000 0
26 300 50000 0
27 300 50000 0
28 300 50000 0
29 300 50000 0
30 300 50000 0
31 300 50000 0
32 300 50000 0
33 300 50000 0
34 300 50000 0
35 300 50000 0
36 300 50000 0
37 300 50000 0
38 300 50000 0
39 300 50000 0
40 300 50000 0
41 300 50000 0
42 300 50000 0
43 300 50000 0
44 300 50000 0
45 300 50000 0
46 300 50000 0
47 300 50000 0
48 300 50000 0
49 300 50000 0
50 300 50000 0
51 300 50000 0
52 300 50000 0
53 300 50000 0
54 300 50000 0
55 300 50000 0
56 300 50000 0
57 300 50000 0
58 300 50000 0
59 300 50000 0
60 300 50000 0
61 300 50000 0
62 300 50000 0
63 300 50000 0
64 300 50000 0
65 300 50000 0
66 300 50000 0
67 300 50000 0
68 300 50000 0
69 300 50000 0
70 300 50000 0
71 300 50000 0
72 300 50000 0
73 300 50000 0
74 300 50000 0
75 300 50000 0
76 300 50000 0
77 300 50000 0
78 300 50000 0
79 300 50000 0
80 300 50000 0
81 300 50000 0
82 300 50000 0
83 300 50000 0
84 300 50000 0
85 300 50000 0
86 300 50000 0
87 300 50000 0
88 300 50000 0
89 300 50000 0
90 300 50000 0
91 300 50000 0
92 300 50000 0
93 300 50000 0
94 300 50000 0
95 300 50000 0
96 300 50000 0
97 300 50000 0
98 300 50000 0
99 300 50000 0
100 300 50000 0
101 300 50000 0
102 300 50000 0
103 300 50000 0
104 300 50000 0
105 300 50000 0
106 300 50000 0
107 300 50000 0
108 300 50000 0
109 300 50000 0
110 300 50000 0
111 300 50000 0
112 300 50000 0
113 300 50000 0
114 300 50000 0
115 300 50000 0
116 300 50000 0
117 300 50000 0
118 300 50000 0
119 300 50000 0
120 300 50000 0
121 300 50000 0
122 300 50000 0
123 300 50000 0
124 300 50000 0
125 300 50000 0
126 300 50000 0
127 300 50000 0
128 300 50000 0
129 300 50000 0
130 300 50000 0
131 300 50000 0
132 300 50000 0
133 300 50000 0
134 300 50000 0
135 300 50000 0
136 300 50000 0
137 300 50000 0
138 300 50000 0
139 300 50000 0
140 300 50000 0
141 300 50000 0
142 300 50000 0
143 300 50000 0
144 300 50000 0
145 300 50000 0
146 300 50000 0
147 300 50000 0
148 300 50000 0
149 300 50000 0
150 300 50000 0
151 300 50000 0
152 300 50000 0
153 300 50000 0
154 300 50000 0
155 300 50000 0
156 300 50000 0
157 300 50000 0
158 300 50000 0
159 300 50000 0
160 300 50000 0
161 300 50000 0
162 300 50000 0
163 300 50000 0
164 300 50000 0
165 300 50000 0
166 300 50000 0
167 300 50000 0
168 300 50000 0
169 300 50000 0
170 300 50000 0
171 300 50000 0
172 300 50000 0
173 300 50000 0
174 300 50000 0
175 300 50000 0
176 300 50000 0
177 300 50000 0
178 300 50000 0
179 300 50000 0
180 300 50000 0
181 300 50000 0
182 300 50000 0
183 300 50000 0
184 300 50000 0
185 300 50000 0
186 300 50000 0
187 300 50000 0
188 300 50000 0
189 300 50000 0
190 300 50000 0
191 300 50000 0
192 300 50000 0
193 300 50000 0
194 300 50000 0
195 300 50000 0
196 300 50000 0
197 300 50000 0
198 300 50000 0
199 300 50000 0
200 300 50000 0
201 300 50000 0
202 300 50000 0
203 300 50000 0
204 300 50000 0
205 300 50000 0
206 300 50000 0
207 300 50000 0
208 300 50000 0
209 300 50000 0
210 300 50000 0
211 300 50000 0
212 300 50000 0
213 300 50000 0
214 300 50000 0
215 300 50000 0
216 300 50000 0
217 300 50000 0
218 300 50000 0
219 300 50000 0
220 300 50000 0
221 300 50000 0
222 300 50000 0
223 300 50000 0
224 300 50000 0
225 300 50000 0
226 300 50000 0
227 300 50000 0
228 300 50000 0
229 300 50000 0
230 300 50000 0
231 300 50000 0
232 300 50000 0
233 300 50000 0
234 300 50000 0
235 300 50000 0
236 300 50000 0
237 300 50000 0
238 300 50000 0
239 300 50000 0
240 300 50000 0
241 300 50000 0
242 300 50000 0
243 300 50000 0
244 300 50000 0
245 300 50000 0
246 300 50000 0
247 300 50000 0
248 300 50000 0
249 300 50000 0
250 300 50000 0
251 300 50000 0
252 300 50000 0
253 300 50000 0
254 300 50000 0
255 300 50000 0
256 300 50000 0
257 300 50000 0
258 300 50000 0
259 300 50000 0
260 300 50000 0
261 300 50000 0
262 300 50000 0
263 300 50000 0
264 300 50000 0
265 300 50000 0
266 300 50000 0
267 300 50000 0
268 300 50000 0
269 300 50000 0
270 300 50000 0
271 300 50000 0
272 300 50000 0
273 300 50000 0
274 300 50000 0
275 300 50000 0
276 300 50000 0
277 300 50000 0
278 300 50000 0
279 300 50000 0
280 300 50000 0
281 300 50000 0
282 300 50000 0
283 300 50000 0
284 300 50000 0
285 300 50000 0
286 300 50000 0
287 300 50000 0
288 300 50000 0
289 300 50000 0
290 300 50000 0
291 300 50000 0
292 300 50000 0
293 300 50000 0
294 300 50000 0
295 300 50000 0
296 300 50000 0
297 300 50000 0
298 300 50000 0
299 300 50000 0
